{
  "pcos": {
    "sites": [
      "mayowf",
      "clevelandwf",
      "merckwf",
      "webmdwf",
      "wikiwf"
    ],
    "similarity_matrix": [
      [
        0.9999999999999998,
        0.304372622168109,
        0.39675946586672334,
        0.2341996206490879,
        0.3442329906286001
      ],
      [
        0.304372622168109,
        0.9999999999999987,
        0.23161430802073976,
        0.1772356106100593,
        0.2672177135850664
      ],
      [
        0.39675946586672334,
        0.23161430802073976,
        1.0000000000000007,
        0.13226047249634312,
        0.32596157546631394
      ],
      [
        0.2341996206490879,
        0.1772356106100593,
        0.13226047249634312,
        1.0000000000000004,
        0.1340867741842542
      ],
      [
        0.3442329906286001,
        0.2672177135850664,
        0.32596157546631394,
        0.1340867741842542,
        0.9999999999999987
      ]
    ],
    "unique_terms": {
      "mayowf": [
        "acne",
        "fertility",
        "hair",
        "weight",
        "reduce",
        "progestin",
        "excess",
        "clomiphene",
        "hirsutism",
        "improve"
      ],
      "clevelandwf": [
        "pregnancy",
        "desired",
        "improve",
        "insulin",
        "ovulation",
        "treatment",
        "androgen",
        "hormonal",
        "oral",
        "acne"
      ],
      "merckwf": [
        "risk",
        "acne",
        "hirsutism",
        "progestin",
        "fertility",
        "metabolic",
        "goals",
        "line",
        "insulin",
        "treatment"
      ],
      "webmdwf": [
        "filecite",
        "turn11file4",
        "pregnancy",
        "hair",
        "androgen",
        "hormonal",
        "control",
        "birth",
        "acne",
        "reduce"
      ],
      "wikiwf": [
        "risk",
        "weight",
        "effective",
        "line",
        "pregnancy",
        "metformin",
        "hirsutism",
        "loss",
        "metabolic",
        "management"
      ]
    }
  },
  "gerd": {
    "sites": [
      "mayowf",
      "clevelandwf",
      "merckwf",
      "webmdwf",
      "wikiwf"
    ],
    "similarity_matrix": [
      [
        0.9999999999999989,
        0.2259358800786105,
        0.16723446104979098,
        0.136371017003469,
        0.20524470937483397
      ],
      [
        0.2259358800786105,
        1.0000000000000027,
        0.24359494880889204,
        0.1394665158444877,
        0.19811624509731673
      ],
      [
        0.16723446104979098,
        0.24359494880889204,
        0.9999999999999993,
        0.08950899363999877,
        0.2483743500875663
      ],
      [
        0.136371017003469,
        0.1394665158444877,
        0.08950899363999877,
        1.0000000000000002,
        0.08767359589675201
      ],
      [
        0.20524470937483397,
        0.19811624509731673,
        0.2483743500875663,
        0.08767359589675201,
        0.9999999999999994
      ]
    ],
    "unique_terms": {
      "mayowf": [
        "ppis",
        "fundoplication",
        "h2",
        "blockers",
        "gerd",
        "otc",
        "medication",
        "hernia",
        "esomeprazole",
        "therapy"
      ],
      "clevelandwf": [
        "acid",
        "esophagitis",
        "otc",
        "heartburn",
        "reflux",
        "esophageal",
        "hernia",
        "symptoms",
        "long",
        "options"
      ],
      "merckwf": [
        "endoscopic",
        "therapy",
        "acid",
        "avoid",
        "symptoms",
        "surgical",
        "meals",
        "blockers",
        "reflux",
        "gerd"
      ],
      "webmdwf": [
        "filecite",
        "turn10file4",
        "symptoms",
        "medication",
        "antacids",
        "heartburn",
        "esomeprazole",
        "line",
        "treatment",
        "term"
      ],
      "wikiwf": [
        "effective",
        "avoid",
        "frequent",
        "ppis",
        "use",
        "lifestyle",
        "meals",
        "antacids",
        "based",
        "blockers"
      ]
    }
  },
  "asthma": {
    "sites": [
      "mayowf",
      "clevelandwf",
      "merckwf",
      "webmdwf",
      "wikiwf"
    ],
    "similarity_matrix": [
      [
        1.0,
        0.321447267950797,
        0.2348462238148158,
        0.5134091070994942,
        0.26540401435533495
      ],
      [
        0.321447267950797,
        1.0000000000000027,
        0.16920870907953126,
        0.34091055902787587,
        0.24309158818767834
      ],
      [
        0.2348462238148158,
        0.16920870907953126,
        1.0000000000000002,
        0.28840308943692367,
        0.4322401502073114
      ],
      [
        0.5134091070994942,
        0.34091055902787587,
        0.28840308943692367,
        1.0000000000000047,
        0.29930547947038594
      ],
      [
        0.26540401435533495,
        0.24309158818767834,
        0.4322401502073114,
        0.29930547947038594,
        1.0000000000000004
      ]
    ],
    "unique_terms": {
      "mayowf": [
        "asthma",
        "meds",
        "severe",
        "plan",
        "inhalers",
        "term",
        "attacks",
        "saba",
        "relief",
        "quick"
      ],
      "clevelandwf": [
        "asthma",
        "plan",
        "severe",
        "inhaler",
        "acting",
        "daily",
        "long",
        "action",
        "management",
        "oral"
      ],
      "merckwf": [
        "step",
        "ics",
        "dose",
        "low",
        "avoid",
        "saba",
        "needed",
        "exacerbations",
        "control",
        "asthma"
      ],
      "webmdwf": [
        "inhalers",
        "asthma",
        "control",
        "meds",
        "use",
        "ics",
        "long",
        "plan",
        "acting",
        "term"
      ],
      "wikiwf": [
        "consider",
        "exacerbations",
        "asthma",
        "ics",
        "severe",
        "dose",
        "symptoms",
        "saba",
        "add",
        "moderate"
      ]
    }
  },
  "bellspalsy": {
    "sites": [
      "mayowf",
      "clevelandwf",
      "merckwf",
      "webmdwf",
      "wikiwf"
    ],
    "similarity_matrix": [
      [
        1.0,
        0.36788295778686975,
        0.22747361244701952,
        0.3116159062172483,
        0.24679219854465437
      ],
      [
        0.36788295778686975,
        0.9999999999999999,
        0.20958844080372194,
        0.3693477074252659,
        0.2860089103967372
      ],
      [
        0.22747361244701952,
        0.20958844080372194,
        1.0000000000000013,
        0.22819063210233415,
        0.2364797761496626
      ],
      [
        0.3116159062172483,
        0.3693477074252659,
        0.22819063210233415,
        1.0000000000000002,
        0.2935509312232713
      ],
      [
        0.24679219854465437,
        0.2860089103967372,
        0.2364797761496626,
        0.2935509312232713,
        1.0000000000000115
      ]
    ],
    "unique_terms": {
      "mayowf": [
        "surgery",
        "eye",
        "antivirals",
        "physical",
        "muscle",
        "therapy",
        "facial",
        "eyelid",
        "improve",
        "long"
      ],
      "clevelandwf": [
        "eye",
        "facial",
        "improve",
        "eyelid",
        "use",
        "benefit",
        "early",
        "close",
        "months",
        "surgery"
      ],
      "merckwf": [
        "therapy",
        "palsy",
        "consider",
        "bell",
        "facial",
        "eye",
        "antivirals",
        "physical",
        "treatment",
        "tears"
      ],
      "webmdwf": [
        "facial",
        "eye",
        "treatment",
        "closure",
        "months",
        "eyelid",
        "muscle",
        "steroids",
        "recovery",
        "recover"
      ],
      "wikiwf": [
        "evidence",
        "facial",
        "eye",
        "possible",
        "recovery",
        "benefit",
        "close",
        "protection",
        "months",
        "term"
      ]
    }
  },
  "narcolepsy": {
    "sites": [
      "mayowf",
      "clevelandwf",
      "merckwf",
      "webmdwf",
      "wikiwf"
    ],
    "similarity_matrix": [
      [
        1.0000000000000002,
        0.3388310502814391,
        0.24306873032101334,
        0.1655707470609955,
        0.297413480250904
      ],
      [
        0.3388310502814391,
        1.0000000000000007,
        0.25003939542205017,
        0.17044437287723713,
        0.28411442947981624
      ],
      [
        0.24306873032101334,
        0.25003939542205017,
        0.9999999999999994,
        0.11481413874801587,
        0.25362840257683544
      ],
      [
        0.1655707470609955,
        0.17044437287723713,
        0.11481413874801587,
        0.9999999999999998,
        0.1371183519631874
      ],
      [
        0.297413480250904,
        0.28411442947981624,
        0.25362840257683544,
        0.1371183519631874,
        1.0000000000000002
      ]
    ],
    "unique_terms": {
      "mayowf": [
        "cataplexy",
        "lifestyle",
        "line",
        "oxybate",
        "stimulants",
        "wake",
        "sleep",
        "daytime",
        "hypocretin",
        "monitor"
      ],
      "clevelandwf": [
        "medications",
        "reduce",
        "sleep",
        "lifestyle",
        "safety",
        "cataplexy",
        "daytime",
        "narcolepsy",
        "wake",
        "plan"
      ],
      "merckwf": [
        "eds",
        "cataplexy",
        "modafinil",
        "pitolisant",
        "line",
        "monitor",
        "solriamfetol",
        "armodafinil",
        "narcolepsy",
        "agents"
      ],
      "webmdwf": [
        "turn11file3",
        "filecite",
        "cataplexy",
        "medications",
        "treatment",
        "sleepiness",
        "sleep",
        "lifestyle",
        "night",
        "oxybate"
      ],
      "wikiwf": [
        "oxybate",
        "hypocretin",
        "sodium",
        "cataplexy",
        "sleep",
        "agents",
        "daytime",
        "eds",
        "rem",
        "modafinil"
      ]
    }
  },
  "marfansyndrome": {
    "sites": [
      "mayowf",
      "clevelandwf",
      "merckwf",
      "webmdwf",
      "wikiwf"
    ],
    "similarity_matrix": [
      [
        0.9999999999999997,
        0.274358007170726,
        0.25128690537841836,
        0.17013489227496645,
        0.3118819489950787
      ],
      [
        0.274358007170726,
        0.9999999999999999,
        0.3049589966251476,
        0.19176838498613605,
        0.3269122291719842
      ],
      [
        0.25128690537841836,
        0.3049589966251476,
        1.0000000000000036,
        0.14767350321998726,
        0.3625813256110807
      ],
      [
        0.17013489227496645,
        0.19176838498613605,
        0.14767350321998726,
        0.9999999999999998,
        0.13346624860257725
      ],
      [
        0.3118819489950787,
        0.3269122291719842,
        0.3625813256110807,
        0.13346624860257725,
        0.9999999999999988
      ]
    ],
    "unique_terms": {
      "mayowf": [
        "aortic",
        "surgery",
        "management",
        "lens",
        "replacement",
        "monitoring",
        "regular",
        "prevent",
        "blood",
        "replace"
      ],
      "clevelandwf": [
        "blockers",
        "management",
        "aortic",
        "root",
        "eye",
        "beta",
        "skeletal",
        "valve",
        "surgery",
        "rupture"
      ],
      "merckwf": [
        "cm",
        "aortic",
        "root",
        "pregnancy",
        "ocular",
        "plan",
        "high",
        "eye",
        "dilation",
        "skeletal"
      ],
      "webmdwf": [
        "turn11file1",
        "filecite",
        "aortic",
        "blockers",
        "eye",
        "replace",
        "needed",
        "prevent",
        "surgery",
        "cardiovascular"
      ],
      "wikiwf": [
        "aortic",
        "risk",
        "root",
        "avoid",
        "pregnancy",
        "blood",
        "cardiovascular",
        "management",
        "valve",
        "blockers"
      ]
    }
  },
  "chlamydia": {
    "sites": [
      "mayowf",
      "clevelandwf",
      "merckwf",
      "webmdwf",
      "wikiwf"
    ],
    "similarity_matrix": [
      [
        1.0000000000000002,
        0.30655273287820356,
        0.24992934937823869,
        0.3415011816286693,
        0.18215882116514845
      ],
      [
        0.30655273287820356,
        0.9999999999999986,
        0.21347080688297965,
        0.2195060199298011,
        0.1808080046608163
      ],
      [
        0.24992934937823869,
        0.21347080688297965,
        0.9999999999999994,
        0.149741293917806,
        0.2534943913897707
      ],
      [
        0.3415011816286693,
        0.2195060199298011,
        0.149741293917806,
        1.0,
        0.17038071393388535
      ],
      [
        0.18215882116514845,
        0.1808080046608163,
        0.2534943913897707,
        0.17038071393388535,
        0.9999999999999999
      ]
    ],
    "unique_terms": {
      "mayowf": [
        "treatment",
        "sexual",
        "avoid",
        "partners",
        "reinfection",
        "chlamydia",
        "sex",
        "symptoms",
        "antibiotics",
        "precautions"
      ],
      "clevelandwf": [
        "treatment",
        "sexual",
        "risk",
        "symptoms",
        "gonorrhea",
        "course",
        "precautions",
        "treat",
        "antibiotics",
        "pregnancy"
      ],
      "merckwf": [
        "orally",
        "gonorrhea",
        "mg",
        "daily",
        "days",
        "sex",
        "partner",
        "patients",
        "risk",
        "dose"
      ],
      "webmdwf": [
        "filecite",
        "turn10file0",
        "treatment",
        "course",
        "reinfection",
        "antibiotic",
        "infection",
        "partners",
        "patients",
        "test"
      ],
      "wikiwf": [
        "test",
        "pregnancy",
        "partner",
        "treatment",
        "mg",
        "treat",
        "cure",
        "doxycycline",
        "therapy",
        "antibiotic"
      ]
    }
  },
  "tetanus": {
    "sites": [
      "mayowf",
      "clevelandwf",
      "merckwf",
      "webmdwf",
      "wikiwf"
    ],
    "similarity_matrix": [
      [
        0.9999999999999998,
        0.3361366511995932,
        0.1263711817654774,
        0.349323356670623,
        0.25390908294759196
      ],
      [
        0.3361366511995932,
        1.000000000000002,
        0.12222110120502491,
        0.2857044761106517,
        0.2198334830434005
      ],
      [
        0.1263711817654774,
        0.12222110120502491,
        1.0000000000000027,
        0.13590515664148903,
        0.1358536765316992
      ],
      [
        0.349323356670623,
        0.2857044761106517,
        0.13590515664148903,
        1.0,
        0.17323770919131287
      ],
      [
        0.25390908294759196,
        0.2198334830434005,
        0.1358536765316992,
        0.17323770919131287,
        0.9999999999999998
      ]
    ],
    "unique_terms": {
      "mayowf": [
        "care",
        "tetanus",
        "control",
        "autonomic",
        "reduce",
        "setting",
        "maintain",
        "supportive",
        "agents",
        "breathing"
      ],
      "clevelandwf": [
        "airway",
        "spasms",
        "recovery",
        "wound",
        "care",
        "control",
        "toxin",
        "tetanus",
        "plan",
        "reduce"
      ],
      "merckwf": [
        "turn13file3",
        "filecite",
        "ventilation",
        "care",
        "im",
        "mechanical",
        "diazepam",
        "tig",
        "needed",
        "supportive"
      ],
      "webmdwf": [
        "tetanus",
        "care",
        "supportive",
        "wound",
        "based",
        "treatment",
        "plan",
        "immunity",
        "muscle",
        "needed"
      ],
      "wikiwf": [
        "iv",
        "spasms",
        "tetanus",
        "support",
        "airway",
        "autonomic",
        "control",
        "magnesium",
        "instability",
        "agents"
      ]
    }
  },
  "progeria": {
    "sites": [
      "mayowf",
      "clevelandwf",
      "merckwf",
      "webmdwf",
      "wikiwf"
    ],
    "similarity_matrix": [
      [
        0.9999999999999999,
        0.29919468165942953,
        0.3547461317221782,
        0.3435352564227373,
        0.1673606323846849
      ],
      [
        0.29919468165942953,
        0.9999999999999991,
        0.23134080334024146,
        0.3415803582119567,
        0.12223382169144568
      ],
      [
        0.3547461317221782,
        0.23134080334024146,
        1.0,
        0.250928409882848,
        0.23788252123631815
      ],
      [
        0.3435352564227373,
        0.3415803582119567,
        0.250928409882848,
        0.9999999999999997,
        0.19474182016367772
      ],
      [
        0.1673606323846849,
        0.12223382169144568,
        0.23788252123631815,
        0.19474182016367772,
        1.0000000000000024
      ]
    ],
    "unique_terms": {
      "mayowf": [
        "care",
        "therapy",
        "hearing",
        "dental",
        "regular",
        "indicated",
        "support",
        "low",
        "eye",
        "management"
      ],
      "clevelandwf": [
        "hearing",
        "support",
        "bone",
        "skin",
        "therapy",
        "needed",
        "risk",
        "regular",
        "hydration",
        "dental"
      ],
      "merckwf": [
        "care",
        "disease",
        "therapy",
        "hydration",
        "slow",
        "needed",
        "supportive",
        "modifying",
        "statins",
        "lifespan"
      ],
      "webmdwf": [
        "support",
        "skin",
        "research",
        "hearing",
        "bone",
        "care",
        "progeria",
        "disease",
        "weight",
        "regular"
      ],
      "wikiwf": [
        "disease",
        "progerin",
        "therapy",
        "cardiovascular",
        "daily",
        "indicated",
        "slow",
        "lifespan",
        "dose",
        "low"
      ]
    }
  },
  "hearingloss": {
    "sites": [
      "mayowf",
      "clevelandwf",
      "merckwf",
      "webmdwf",
      "wikiwf"
    ],
    "similarity_matrix": [
      [
        1.0000000000000002,
        0.3097442530338345,
        0.1548668458843469,
        0.45398747969008146,
        0.28963638148917026
      ],
      [
        0.3097442530338345,
        1.0000000000000009,
        0.09198248045690186,
        0.3141443005076695,
        0.21167621154238422
      ],
      [
        0.1548668458843469,
        0.09198248045690186,
        0.9999999999999996,
        0.17613409257164933,
        0.11887126372011002
      ],
      [
        0.45398747969008146,
        0.3141443005076695,
        0.17613409257164933,
        1.0000000000000038,
        0.19245348823865238
      ],
      [
        0.28963638148917026,
        0.21167621154238422,
        0.11887126372011002,
        0.19245348823865238,
        0.9999999999999988
      ]
    ],
    "unique_terms": {
      "mayowf": [
        "hearing",
        "loss",
        "ear",
        "device",
        "reversible",
        "improve",
        "benefit",
        "causes",
        "consider",
        "aids"
      ],
      "clevelandwf": [
        "hearing",
        "devices",
        "face",
        "treatment",
        "communication",
        "aids",
        "loss",
        "listening",
        "consider",
        "ongoing"
      ],
      "merckwf": [
        "turn13file1",
        "filecite",
        "speech",
        "hearing",
        "aids",
        "loss",
        "systems",
        "surgery",
        "structural",
        "benefit"
      ],
      "webmdwf": [
        "hearing",
        "listening",
        "vs",
        "loss",
        "ear",
        "devices",
        "reversible",
        "systems",
        "structural",
        "consider"
      ],
      "wikiwf": [
        "hearing",
        "management",
        "surgical",
        "severe",
        "improve",
        "cochlear",
        "communication",
        "profound",
        "related",
        "loss"
      ]
    }
  },
  "cataracts": {
    "sites": [
      "mayowf",
      "clevelandwf",
      "merckwf",
      "webmdwf",
      "wikiwf"
    ],
    "similarity_matrix": [
      [
        0.9999999999999994,
        0.27570067766542716,
        0.19123912972246904,
        0.2281950564305826,
        0.14094499950364503
      ],
      [
        0.27570067766542716,
        1.0000000000000013,
        0.2778337368187586,
        0.3671791111554207,
        0.13759138859430495
      ],
      [
        0.19123912972246904,
        0.2778337368187586,
        1.0000000000000004,
        0.14450800301472067,
        0.16198619519800753
      ],
      [
        0.2281950564305826,
        0.3671791111554207,
        0.14450800301472067,
        1.0000000000000064,
        0.08889256182426271
      ],
      [
        0.14094499950364503,
        0.13759138859430495,
        0.16198619519800753,
        0.08889256182426271,
        1.0
      ]
    ],
    "unique_terms": {
      "mayowf": [
        "surgery",
        "cataracts",
        "eye",
        "vision",
        "iol",
        "treatment",
        "lens",
        "outpatient",
        "follow",
        "infection"
      ],
      "clevelandwf": [
        "vision",
        "prescription",
        "recovery",
        "lens",
        "surgery",
        "needed",
        "eye",
        "cataract",
        "weeks",
        "driving"
      ],
      "merckwf": [
        "visual",
        "cataract",
        "vision",
        "surgical",
        "lens",
        "cataracts",
        "reading",
        "indications",
        "surgery",
        "halos"
      ],
      "webmdwf": [
        "eye",
        "capsule",
        "weeks",
        "iol",
        "vision",
        "recovery",
        "incision",
        "lens",
        "cataracts",
        "removal"
      ],
      "wikiwf": [
        "functional",
        "cataract",
        "based",
        "cataracts",
        "surgery",
        "incision",
        "activities",
        "visual",
        "retinal",
        "infection"
      ]
    }
  },
  "type2diabetes": {
    "sites": [
      "mayowf",
      "clevelandwf",
      "merckwf",
      "webmdwf",
      "wikiwf"
    ],
    "similarity_matrix": [
      [
        0.999999999999999,
        0.38532287493215417,
        0.17778489853868296,
        0.42533281858525085,
        0.2676897177165018
      ],
      [
        0.38532287493215417,
        1.0000000000000002,
        0.12176914227827249,
        0.36698221594128305,
        0.22477564949149786
      ],
      [
        0.17778489853868296,
        0.12176914227827249,
        1.0000000000000002,
        0.15864398572420857,
        0.1536658875986577
      ],
      [
        0.42533281858525085,
        0.36698221594128305,
        0.15864398572420857,
        0.9999999999999999,
        0.2934589223582413
      ],
      [
        0.2676897177165018,
        0.22477564949149786,
        0.1536658875986577,
        0.2934589223582413,
        1.0000000000000064
      ]
    ],
    "unique_terms": {
      "mayowf": [
        "insulin",
        "monitoring",
        "activity",
        "glucose",
        "injectable",
        "healthy",
        "medications",
        "diabetes",
        "weight",
        "loss"
      ],
      "clevelandwf": [
        "activity",
        "glucose",
        "complications",
        "meal",
        "plan",
        "insulin",
        "management",
        "team",
        "injectable",
        "adjust"
      ],
      "merckwf": [
        "inhibitors",
        "weight",
        "loss",
        "sglt2",
        "glp",
        "therapy",
        "agonists",
        "insulin",
        "week",
        "carb"
      ],
      "webmdwf": [
        "glucose",
        "insulin",
        "medications",
        "lifestyle",
        "exercise",
        "inhibitors",
        "monitoring",
        "long",
        "diabetes",
        "therapy"
      ],
      "wikiwf": [
        "risk",
        "management",
        "high",
        "glucose",
        "insulin",
        "long",
        "regular",
        "line",
        "low",
        "monitoring"
      ]
    }
  },
  "bph": {
    "sites": [
      "mayowf",
      "clevelandwf",
      "merckwf",
      "webmdwf",
      "wikiwf"
    ],
    "similarity_matrix": [
      [
        0.9999999999999979,
        0.30162232092565977,
        0.33451253564501515,
        0.3206022077849042,
        0.35105432471566217
      ],
      [
        0.30162232092565977,
        0.9999999999999994,
        0.21605660554110007,
        0.2855055950797252,
        0.2946252439983362
      ],
      [
        0.33451253564501515,
        0.21605660554110007,
        0.9999999999999999,
        0.2517680586213274,
        0.3514021110326944
      ],
      [
        0.3206022077849042,
        0.2855055950797252,
        0.2517680586213274,
        0.9999999999999996,
        0.35198732719243503
      ],
      [
        0.35105432471566217,
        0.2946252439983362,
        0.3514021110326944,
        0.35198732719243503,
        0.999999999999999
      ]
    ],
    "unique_terms": {
      "mayowf": [
        "therapy",
        "prostate",
        "effects",
        "symptoms",
        "alpha",
        "prostates",
        "symptom",
        "bph",
        "tissue",
        "relief"
      ],
      "clevelandwf": [
        "prostate",
        "medication",
        "therapy",
        "symptom",
        "alpha",
        "tissue",
        "urethral",
        "reduce",
        "water",
        "invasive"
      ],
      "merckwf": [
        "bladder",
        "alpha",
        "complications",
        "symptoms",
        "retention",
        "urethral",
        "urinary",
        "relief",
        "based",
        "therapy"
      ],
      "webmdwf": [
        "prostate",
        "effects",
        "surgery",
        "risk",
        "symptoms",
        "complications",
        "symptom",
        "alpha",
        "reduce",
        "management"
      ],
      "wikiwf": [
        "luts",
        "prostate",
        "risk",
        "retention",
        "urinary",
        "symptoms",
        "bladder",
        "prostatic",
        "alpha",
        "combination"
      ]
    }
  },
  "commoncold": {
    "sites": [
      "mayowf",
      "clevelandwf",
      "merckwf",
      "webmdwf",
      "wikiwf"
    ],
    "similarity_matrix": [
      [
        1.0000000000000002,
        0.2670936472608893,
        0.19568372469114687,
        0.0831967575970496,
        0.23910487706880884
      ],
      [
        0.2670936472608893,
        1.0,
        0.25974748681943216,
        0.07217839877080784,
        0.2698037683640357
      ],
      [
        0.19568372469114687,
        0.25974748681943216,
        0.999999999999999,
        0.04825004426769702,
        0.30441309921965504
      ],
      [
        0.0831967575970496,
        0.07217839877080784,
        0.04825004426769702,
        1.0000000000000002,
        0.0912065051020831
      ],
      [
        0.23910487706880884,
        0.2698037683640357,
        0.30441309921965504,
        0.0912065051020831,
        1.0
      ]
    ],
    "unique_terms": {
      "mayowf": [
        "children",
        "avoid",
        "adults",
        "use",
        "risk",
        "nasal",
        "cough",
        "symptomatic",
        "saline",
        "pain"
      ],
      "clevelandwf": [
        "cough",
        "nasal",
        "saline",
        "fever",
        "fluids",
        "pain",
        "avoid",
        "cold",
        "duration",
        "children"
      ],
      "merckwf": [
        "zinc",
        "decongestants",
        "antihistamines",
        "cold",
        "fever",
        "use",
        "symptoms",
        "effective",
        "avoid",
        "common"
      ],
      "webmdwf": [
        "filecite",
        "turn10file2",
        "hot",
        "water",
        "congestion",
        "use",
        "nose",
        "relief",
        "rest",
        "fluids"
      ],
      "wikiwf": [
        "zinc",
        "nasal",
        "symptoms",
        "limited",
        "duration",
        "cough",
        "fever",
        "avoid",
        "relief",
        "antibiotics"
      ]
    }
  },
  "chronickidneydisease": {
    "sites": [
      "mayowf",
      "clevelandwf",
      "merckwf",
      "webmdwf",
      "wikiwf"
    ],
    "similarity_matrix": [
      [
        0.9999999999999993,
        0.2572685447754505,
        0.28581782002130013,
        0.09519477180293887,
        0.2484864717230817
      ],
      [
        0.2572685447754505,
        1.0000000000000004,
        0.23572709797411842,
        0.17231126567041896,
        0.23981723300429414
      ],
      [
        0.28581782002130013,
        0.23572709797411842,
        1.0000000000000009,
        0.10884346473336598,
        0.26922896049432987
      ],
      [
        0.09519477180293887,
        0.17231126567041896,
        0.10884346473336598,
        0.9999999999999997,
        0.14243065707912128
      ],
      [
        0.2484864717230817,
        0.23981723300429414,
        0.26922896049432987,
        0.14243065707912128,
        0.9999999999999997
      ]
    ],
    "unique_terms": {
      "mayowf": [
        "hypertension",
        "disease",
        "kidney",
        "dialysis",
        "diuretics",
        "restriction",
        "transplant",
        "ckd",
        "management",
        "vitamin"
      ],
      "clevelandwf": [
        "kidney",
        "diet",
        "ckd",
        "arb",
        "ace",
        "drugs",
        "early",
        "vitamin",
        "limit",
        "diuretics"
      ],
      "merckwf": [
        "ckd",
        "restriction",
        "egfr",
        "phosphate",
        "vitamin",
        "arb",
        "dialysis",
        "diabetes",
        "ace",
        "sodium"
      ],
      "webmdwf": [
        "filecite",
        "turn10file1",
        "limit",
        "ckd",
        "low",
        "bp",
        "sodium",
        "diet",
        "avoid",
        "fluid"
      ],
      "wikiwf": [
        "bp",
        "ckd",
        "stage",
        "egfr",
        "low",
        "management",
        "treat",
        "transplant",
        "diabetes",
        "kidney"
      ]
    }
  },
  "carpaltunnelsyndrome": {
    "sites": [
      "mayowf",
      "clevelandwf",
      "merckwf",
      "webmdwf",
      "wikiwf"
    ],
    "similarity_matrix": [
      [
        1.0000000000000013,
        0.3393825092094219,
        0.19096773987858143,
        0.3884994184817246,
        0.28439866465353786
      ],
      [
        0.3393825092094219,
        1.0000000000000002,
        0.18189833302046202,
        0.26068925265947573,
        0.2523432379370469
      ],
      [
        0.19096773987858143,
        0.18189833302046202,
        1.0,
        0.15117903098368285,
        0.12107136450776397
      ],
      [
        0.3884994184817246,
        0.26068925265947573,
        0.15117903098368285,
        1.000000000000008,
        0.2094734678719976
      ],
      [
        0.28439866465353786,
        0.2523432379370469,
        0.12107136450776397,
        0.2094734678719976,
        0.9999999999999997
      ]
    ],
    "unique_terms": {
      "mayowf": [
        "cts",
        "ligament",
        "early",
        "carpal",
        "ultrasound",
        "cut",
        "disease",
        "months",
        "tunnel",
        "reduce"
      ],
      "clevelandwf": [
        "carpal",
        "tunnel",
        "symptoms",
        "management",
        "reduce",
        "therapy",
        "conservative",
        "wrist",
        "care",
        "months"
      ],
      "merckwf": [
        "mild",
        "wrist",
        "injection",
        "treatment",
        "management",
        "long",
        "cts",
        "median",
        "surgical",
        "nerve"
      ],
      "webmdwf": [
        "wrist",
        "cts",
        "relief",
        "avoid",
        "tunnel",
        "carpal",
        "reduce",
        "pain",
        "early",
        "treatment"
      ],
      "wikiwf": [
        "therapy",
        "disease",
        "conservative",
        "carpal",
        "avoid",
        "management",
        "weakness",
        "corticosteroid",
        "nerve",
        "tunnel"
      ]
    }
  },
  "multiplesclerosis": {
    "sites": [
      "mayowf",
      "clevelandwf",
      "merckwf",
      "webmdwf",
      "wikiwf"
    ],
    "similarity_matrix": [
      [
        1.0,
        0.2684161231153898,
        0.3094861406335308,
        0.120624513283398,
        0.2869290091713664
      ],
      [
        0.2684161231153898,
        1.000000000000002,
        0.2697160278598419,
        0.1017489127468796,
        0.2695615637751285
      ],
      [
        0.3094861406335308,
        0.2697160278598419,
        0.9999999999999953,
        0.11264233746554866,
        0.2646382982734563
      ],
      [
        0.120624513283398,
        0.1017489127468796,
        0.11264233746554866,
        1.0000000000000002,
        0.09402558659989788
      ],
      [
        0.2869290091713664,
        0.2695615637751285,
        0.2646382982734563,
        0.09402558659989788,
        0.9999999999999897
      ]
    ],
    "unique_terms": {
      "mayowf": [
        "therapies",
        "fumarate",
        "disease",
        "management",
        "relapses",
        "agents",
        "oral",
        "refractory",
        "ms",
        "term"
      ],
      "clevelandwf": [
        "iv",
        "dmts",
        "mri",
        "mobility",
        "reduce",
        "based",
        "therapies",
        "disease",
        "management",
        "relapses"
      ],
      "merckwf": [
        "relapses",
        "mri",
        "treatment",
        "dmts",
        "spasticity",
        "agents",
        "high",
        "disease",
        "management",
        "oral"
      ],
      "webmdwf": [
        "turn11file2",
        "filecite",
        "fumarate",
        "treatment",
        "dmts",
        "relapses",
        "iv",
        "disease",
        "symptom",
        "spasticity"
      ],
      "wikiwf": [
        "term",
        "relapses",
        "mri",
        "long",
        "therapy",
        "ms",
        "agents",
        "disease",
        "symptoms",
        "relapse"
      ]
    }
  },
  "hemophilia": {
    "sites": [
      "mayowf",
      "clevelandwf",
      "merckwf",
      "webmdwf",
      "wikiwf"
    ],
    "similarity_matrix": [
      [
        1.0000000000000004,
        0.2921461098874116,
        0.3099969184304074,
        0.2002120536136499,
        0.3553630520600932
      ],
      [
        0.2921461098874116,
        1.0000000000000002,
        0.24828771246444378,
        0.15252183186550486,
        0.2874807321837646
      ],
      [
        0.3099969184304074,
        0.24828771246444378,
        1.000000000000004,
        0.2880310273110765,
        0.4546495482061466
      ],
      [
        0.2002120536136499,
        0.15252183186550486,
        0.2880310273110765,
        0.9999999999999997,
        0.31615895735551747
      ],
      [
        0.3553630520600932,
        0.2874807321837646,
        0.4546495482061466,
        0.31615895735551747,
        0.9999999999999992
      ]
    ],
    "unique_terms": {
      "mayowf": [
        "bleeding",
        "factor",
        "clotting",
        "minor",
        "hemophilia",
        "replacement",
        "prophylaxis",
        "bleeds",
        "prevent",
        "based"
      ],
      "clevelandwf": [
        "therapy",
        "factor",
        "missing",
        "clotting",
        "hemophilia",
        "based",
        "treatment",
        "bleeding",
        "risk",
        "use"
      ],
      "merckwf": [
        "factor",
        "viii",
        "ix",
        "hemophilia",
        "major",
        "levels",
        "bleeds",
        "use",
        "minor",
        "inhibitors"
      ],
      "webmdwf": [
        "turn11file0",
        "filecite",
        "factor",
        "hemophilia",
        "viii",
        "acid",
        "infusion",
        "risk",
        "mild",
        "based"
      ],
      "wikiwf": [
        "factor",
        "hemophilia",
        "high",
        "viii",
        "risk",
        "inhibitors",
        "mild",
        "joint",
        "bleeding",
        "replacement"
      ]
    }
  },
  "acromegaly": {
    "sites": [
      "mayowf",
      "clevelandwf",
      "merckwf",
      "webmdwf",
      "wikiwf"
    ],
    "similarity_matrix": [
      [
        1.0000000000000018,
        0.466866420726066,
        0.4499004562743401,
        0.48249880075953466,
        0.33015255446882613
      ],
      [
        0.466866420726066,
        1.0000000000000016,
        0.44800944529234604,
        0.5151703927318209,
        0.3224175079127193
      ],
      [
        0.4499004562743401,
        0.44800944529234604,
        1.0,
        0.4199237833389634,
        0.27347588635692427
      ],
      [
        0.48249880075953466,
        0.5151703927318209,
        0.4199237833389634,
        1.0,
        0.31004300237060217
      ],
      [
        0.33015255446882613,
        0.3224175079127193,
        0.27347588635692427,
        0.31004300237060217,
        1.0000000000000009
      ]
    ],
    "unique_terms": {
      "mayowf": [
        "tumor",
        "gh",
        "igf",
        "surgery",
        "pituitary",
        "hormone",
        "therapy",
        "treatment",
        "octreotide",
        "radiation"
      ],
      "clevelandwf": [
        "tumor",
        "surgery",
        "gh",
        "therapy",
        "radiation",
        "possible",
        "treatment",
        "medical",
        "pituitary",
        "persistent"
      ],
      "merckwf": [
        "tumor",
        "radiation",
        "gh",
        "medical",
        "pituitary",
        "therapy",
        "igf",
        "surgery",
        "lanreotide",
        "normalize"
      ],
      "webmdwf": [
        "tumor",
        "gh",
        "radiation",
        "surgery",
        "igf",
        "years",
        "treatment",
        "therapy",
        "levels",
        "daily"
      ],
      "wikiwf": [
        "tumour",
        "ssa",
        "gh",
        "surgery",
        "hormone",
        "igf",
        "possible",
        "long",
        "monitor",
        "effects"
      ]
    }
  },
  "atopicdermatitis": {
    "sites": [
      "mayowf",
      "clevelandwf",
      "merckwf",
      "wikiwf"
    ],
    "similarity_matrix": [
      [
        0.9999999999999997,
        0.21552718841710714,
        0.25482137304154867,
        0.17655852701119695
      ],
      [
        0.21552718841710714,
        0.9999999999999993,
        0.329567630966805,
        0.273132831887393
      ],
      [
        0.25482137304154867,
        0.329567630966805,
        1.0000000000000002,
        0.4579727555870933
      ],
      [
        0.17655852701119695,
        0.273132831887393,
        0.4579727555870933,
        0.9999999999999867
      ]
    ],
    "unique_terms": {
      "mayowf": [
        "avoid",
        "use",
        "eczema",
        "therapy",
        "oral",
        "night",
        "therapies",
        "systemic",
        "severe",
        "line"
      ],
      "clevelandwf": [
        "topical",
        "use",
        "therapy",
        "skin",
        "avoid",
        "night",
        "itch",
        "management",
        "care",
        "control"
      ],
      "merckwf": [
        "topical",
        "potency",
        "moderate",
        "use",
